$SPEC_ID:
No sample description was entered.
$SPEC_REM:
DET# 7089150
DETDESC# PRAKTIKUM 926
AP# Maestro Version 7.01
$DATE_MEA:
03/12/2002 02:17:56
$MEAS_TIM:
3088 3145
$DATA:
0 8191
       0
       0
       0
       0
       0
       0
       0
       0
       0
       0
       0
       0
       0
       0
       0
       0
       0
       0
       0
       0
       0
       0
       0
       0
       0
       0
       0
       0
       0
       0
       0
       0
       0
       0
       0
       0
       0
       0
       0
       0
       0
       0
       0
       0
       0
       0
       0
       0
       0
       0
       0
       4
      15
      49
     139
     248
     506
     687
     813
     882
     907
     862
     824
     818
     826
     773
     781
     765
     741
     739
     721
     686
     707
     725
     685
     698
     674
     635
     660
     691
     666
     632
     644
     656
     614
     612
     607
     561
     564
     586
     597
     550
     566
     608
     604
     553
     478
     526
     512
     539
     549
     562
     501
     450
     533
     538
     519
     467
     519
     495
     479
     456
     497
     458
     456
     453
     439
     511
     488
     463
     453
     503
     459
     436
     439
     427
     463
     470
     425
     455
     427
     425
     425
     409
     400
     388
     431
     422
     414
     420
     460
     428
     420
     414
     425
     378
     406
     416
     407
     427
     384
     398
     386
     416
     384
     353
     379
     336
     395
     359
     370
     385
     352
     360
     345
     372
     357
     354
     347
     374
     393
     379
     363
     374
     343
     356
     339
     358
     345
     345
     346
     318
     364
     360
     347
     373
     380
     335
     335
     349
     338
     310
     322
     333
     343
     329
     315
     352
     313
     337
     330
     320
     324
     343
     318
     320
     308
     313
     317
     284
     337
     330
     336
     313
     279
     315
     313
     308
     293
     326
     297
     344
     318
     295
     315
     292
     299
     296
     318
     284
     297
     340
     271
     302
     262
     288
     266
     320
     316
     258
     279
     315
     282
     284
     260
     297
     280
     302
     305
     287
     275
     275
     321
     297
     278
     288
     244
     294
     269
     288
     268
     287
     283
     277
     286
     246
     280
     280
     296
     255
     286
     276
     264
     250
     251
     274
     273
     274
     229
     250
     252
     257
     263
     273
     276
     263
     245
     249
     260
     288
     246
     247
     238
     261
     239
     266
     239
     244
     278
     246
     244
     245
     253
     243
     273
     235
     248
     227
     269
     290
     239
     245
     224
     278
     232
     241
     255
     273
     235
     224
     257
     239
     255
     229
     258
     244
     252
     268
     255
     241
     239
     244
     274
     244
     223
     270
     222
     248
     243
     243
     236
     239
     250
     235
     231
     231
     223
     230
     261
     212
     251
     268
     250
     220
     248
     252
     251
     231
     210
     232
     208
     202
     237
     218
     238
     237
     233
     224
     242
     231
     230
     211
     244
     236
     227
     232
     235
     227
     246
     214
     220
     213
     215
     240
     234
     226
     218
     205
     212
     233
     209
     222
     226
     212
     223
     238
     231
     242
     194
     238
     215
     242
     208
     222
     218
     230
     241
     227
     214
     210
     190
     247
     218
     197
     214
     209
     204
     223
     223
     210
     210
     227
     219
     191
     226
     223
     212
     233
     225
     215
     208
     236
     193
     210
     237
     208
     211
     241
     208
     222
     214
     193
     223
     205
     217
     202
     222
     215
     215
     199
     217
     245
     230
     240
     232
     230
     264
     261
     229
     222
     223
     239
     237
     270
     218
     226
     212
     175
     202
     193
     211
     202
     209
     203
     224
     227
     233
     230
     216
     202
     198
     219
     186
     221
     216
     208
     223
     220
     203
     208
     232
     220
     236
     225
     224
     209
     217
     230
     225
     201
     213
     223
     215
     212
     228
     199
     208
     195
     232
     196
     234
     225
     222
     237
     220
     203
     207
     219
     237
     187
     258
     241
     267
     251
     277
     232
     227
     220
     237
     246
     213
     225
     224
     236
     212
     215
     209
     195
     230
     261
     228
     226
     219
     206
     204
     215
     217
     203
     232
     230
     225
     192
     230
     208
     225
     214
     215
     242
     220
     232
     211
     229
     209
     230
     221
     211
     223
     219
     226
     237
     205
     225
     193
     231
     237
     221
     251
     234
     252
     255
     234
     254
     251
     224
     222
     241
     235
     252
     216
     218
     267
     248
     250
     237
     209
     246
     236
     247
     252
     231
     241
     256
     228
     253
     259
     256
     298
     245
     277
     280
     290
     295
     285
     381
     374
     390
     416
     446
     479
     446
     507
     525
     483
     470
     403
     401
     369
     380
     344
     331
     334
     291
     284
     267
     286
     289
     253
     275
     259
     262
     233
     232
     233
     253
     244
     259
     224
     261
     242
     277
     277
     270
     276
     272
     247
     281
     271
     260
     272
     263
     289
     281
     255
     316
     295
     299
     301
     263
     265
     305
     304
     267
     319
     310
     302
     280
     284
     277
     267
     271
     280
     276
     277
     261
     288
     307
     264
     285
     302
     287
     279
     306
     285
     282
     331
     300
     316
     309
     281
     300
     321
     288
     309
     301
     302
     305
     308
     312
     320
     286
     294
     304
     292
     309
     311
     299
     348
     359
     339
     343
     399
     401
     390
     446
     487
     590
     632
     748
     819
     885
     922
     959
    1013
    1024
     987
     921
     859
     801
     701
     666
     542
     560
     583
     537
     573
     642
     760
     864
     955
    1091
    1240
    1366
    1464
    1508
    1608
    1581
    1632
    1363
    1210
    1156
    1025
     921
     760
     585
     529
     483
     385
     433
     391
     367
     374
     402
     373
     375
     411
     376
     371
     378
     395
     381
     339
     351
     330
     303
     324
     340
     350
     325
     346
     340
     361
     350
     400
     339
     392
     342
     351
     346
     328
     323
     286
     301
     302
     291
     284
     266
     281
     263
     299
     302
     310
     318
     389
     360
     392
     472
     476
     515
     472
     470
     502
     495
     529
     470
     443
     406
     395
     358
     342
     301
     315
     287
     306
     300
     303
     283
     306
     278
     305
     320
     293
     354
     367
     381
     446
     531
     530
     555
     622
     648
     706
     786
     756
     744
     791
     660
     649
     559
     548
     526
     476
     438
     389
     350
     355
     332
     322
     341
     348
     367
     365
     345
     365
     397
     427
     445
     457
     493
     446
     480
     465
     438
     437
     397
     360
     361
     346
     355
     298
     306
     299
     324
     338
     370
     379
     429
     495
     623
     695
     724
     858
     889
     946
    1038
     926
    1018
    1033
     945
     912
     858
     740
     680
     605
     529
     493
     448
     464
     422
     411
     414
     437
     433
     473
     432
     417
     421
     423
     418
     399
     366
     358
     357
     355
     276
     279
     262
     241
     246
     250
     230
     228
     242
     239
     220
     224
     241
     227
     236
     248
     256
     278
     279
     275
     317
     351
     368
     403
     413
     463
     449
     437
     466
     432
     452
     422
     400
     422
     347
     320
     318
     299
     272
     282
     216
     272
     224
     228
     224
     222
     217
     211
     232
     234
     238
     197
     217
     207
     199
     219
     227
     193
     222
     196
     205
     226
     236
     223
     220
     220
     235
     230
     244
     205
     212
     198
     187
     233
     221
     205
     221
     204
     216
     197
     214
     219
     214
     193
     203
     207
     208
     216
     219
     229
     217
     214
     223
     231
     221
     234
     236
     206
     226
     248
     239
     226
     230
     230
     222
     199
     224
     231
     229
     219
     217
     221
     220
     216
     223
     200
     228
     229
     243
     206
     214
     225
     251
     245
     243
     216
     264
     265
     261
     231
     241
     293
     265
     257
     231
     243
     240
     269
     288
     235
     247
     256
     235
     275
     267
     265
     294
     267
     315
     271
     292
     290
     289
     299
     299
     277
     267
     283
     284
     283
     248
     256
     271
     252
     276
     257
     291
     307
     267
     279
     266
     283
     267
     242
     237
     244
     247
     256
     244
     249
     233
     227
     256
     274
     219
     254
     242
     255
     244
     254
     220
     198
     233
     246
     210
     209
     234
     226
     219
     262
     219
     229
     225
     208
     222
     221
     234
     219
     214
     216
     225
     212
     206
     223
     227
     191
     192
     204
     232
     208
     205
     191
     219
     195
     226
     222
     200
     219
     231
     192
     197
     231
     223
     195
     250
     212
     220
     205
     210
     221
     215
     220
     214
     211
     252
     192
     223
     207
     219
     224
     222
     210
     198
     222
     205
     198
     214
     237
     218
     210
     222
     245
     218
     208
     221
     204
     225
     229
     243
     211
     214
     244
     218
     233
     233
     202
     211
     204
     219
     201
     232
     212
     228
     222
     217
     216
     212
     199
     221
     195
     209
     216
     219
     205
     220
     236
     235
     229
     203
     234
     207
     219
     203
     167
     237
     212
     213
     204
     194
     212
     210
     171
     215
     242
     204
     246
     214
     230
     220
     213
     223
     193
     234
     225
     236
     218
     206
     211
     202
     247
     203
     229
     224
     235
     206
     219
     223
     231
     237
     232
     221
     213
     247
     214
     218
     208
     223
     213
     228
     204
     216
     217
     184
     211
     197
     212
     236
     221
     200
     217
     230
     218
     193
     200
     224
     224
     237
     230
     249
     215
     206
     225
     256
     218
     228
     233
     238
     212
     220
     229
     226
     214
     224
     233
     219
     220
     220
     230
     208
     240
     244
     223
     189
     223
     222
     226
     233
     195
     215
     207
     225
     235
     219
     233
     231
     235
     223
     217
     236
     223
     209
     224
     232
     222
     224
     253
     238
     213
     234
     246
     230
     212
     213
     225
     260
     245
     223
     216
     219
     247
     224
     230
     252
     233
     241
     238
     246
     241
     223
     234
     228
     217
     225
     212
     245
     205
     232
     218
     247
     246
     238
     233
     245
     221
     236
     219
     257
     241
     245
     279
     276
     263
     299
     313
     352
     313
     329
     362
     376
     375
     313
     373
     350
     313
     320
     277
     247
     277
     283
     269
     258
     220
     212
     234
     271
     221
     248
     249
     255
     224
     247
     234
     229
     235
     234
     231
     218
     216
     249
     216
     246
     238
     236
     228
     240
     226
     187
     254
     224
     237
     238
     240
     217
     231
     258
     264
     235
     235
     247
     239
     234
     249
     250
     243
     225
     264
     263
     251
     222
     275
     241
     241
     248
     244
     223
     246
     223
     251
     231
     206
     233
     260
     263
     245
     239
     218
     256
     245
     215
     244
     232
     232
     234
     217
     247
     247
     247
     237
     244
     247
     252
     284
     240
     229
     252
     275
     297
     286
     300
     287
     292
     265
     288
     262
     277
     269
     234
     305
     194
     254
     237
     217
     193
     230
     235
     241
     239
     218
     221
     244
     248
     215
     222
     232
     216
     258
     243
     238
     243
     205
     233
     214
     220
     242
     243
     222
     253
     235
     227
     239
     183
     203
     229
     216
     257
     218
     230
     216
     242
     212
     205
     204
     216
     218
     238
     194
     214
     232
     208
     227
     235
     226
     195
     219
     213
     218
     237
     208
     200
     210
     216
     220
     211
     225
     192
     212
     201
     232
     237
     244
     227
     235
     247
     227
     275
     213
     280
     234
     287
     247
     237
     238
     231
     226
     216
     242
     231
     207
     210
     223
     226
     225
     190
     213
     203
     211
     193
     175
     194
     191
     205
     202
     202
     218
     215
     204
     228
     206
     213
     207
     191
     209
     198
     182
     202
     193
     190
     201
     187
     187
     192
     202
     187
     192
     182
     192
     184
     182
     207
     186
     188
     195
     162
     180
     187
     185
     169
     184
     184
     172
     203
     216
     202
     172
     174
     197
     178
     224
     202
     186
     186
     196
     191
     189
     197
     193
     176
     168
     190
     219
     180
     184
     185
     199
     197
     203
     166
     185
     200
     218
     191
     214
     194
     174
     194
     187
     201
     218
     209
     201
     183
     192
     190
     167
     201
     206
     184
     172
     185
     186
     202
     174
     172
     181
     194
     189
     192
     180
     176
     204
     184
     194
     192
     223
     177
     187
     187
     186
     178
     183
     189
     189
     178
     166
     181
     184
     208
     188
     183
     176
     209
     172
     187
     211
     204
     182
     189
     211
     185
     223
     215
     173
     180
     212
     185
     168
     191
     207
     165
     198
     177
     195
     206
     171
     187
     182
     190
     211
     198
     198
     195
     197
     187
     183
     197
     184
     205
     174
     168
     175
     190
     204
     198
     203
     202
     176
     196
     173
     172
     210
     204
     201
     214
     209
     190
     197
     187
     206
     207
     208
     228
     223
     234
     277
     301
     353
     423
     478
     529
     578
     768
     875
     942
     970
    1015
    1162
    1110
    1126
    1117
    1024
    1032
     966
     838
     759
     673
     568
     485
     449
     365
     310
     281
     241
     239
     223
     214
     185
     189
     188
     201
     183
     174
     173
     224
     162
     158
     201
     197
     184
     177
     173
     196
     209
     163
     195
     164
     156
     196
     194
     178
     170
     179
     178
     177
     176
     185
     158
     203
     163
     194
     170
     197
     163
     171
     164
     173
     168
     169
     182
     171
     169
     158
     169
     177
     176
     181
     192
     187
     178
     183
     177
     179
     156
     164
     209
     168
     183
     157
     196
     153
     161
     190
     171
     193
     155
     158
     174
     186
     160
     178
     182
     184
     185
     166
     188
     177
     166
     157
     180
     184
     189
     191
     174
     182
     167
     166
     166
     176
     170
     152
     170
     159
     156
     165
     176
     163
     172
     154
     166
     166
     167
     168
     159
     159
     160
     159
     170
     165
     163
     133
     189
     154
     154
     147
     155
     151
     139
     150
     167
     154
     159
     169
     175
     161
     164
     183
     169
     177
     178
     143
     156
     187
     170
     169
     157
     183
     163
     152
     168
     156
     143
     176
     171
     170
     151
     154
     161
     141
     154
     161
     170
     144
     172
     174
     148
     155
     145
     188
     168
     168
     191
     185
     154
     185
     187
     188
     199
     222
     160
     186
     174
     158
     127
     170
     142
     178
     139
     134
     141
     155
     149
     135
     147
     135
     148
     151
     121
     149
     145
     150
     133
     150
     129
     141
     168
     158
     142
     130
     143
     142
     139
     131
     135
     133
     119
     143
     131
     134
     156
     122
     139
     127
     150
     156
     147
     146
     146
     142
     121
     144
     159
     161
     128
     117
     136
     147
     166
     130
     127
     129
     129
     153
     130
     159
     148
     135
     139
     132
     123
     115
     138
     140
     127
     137
     146
     134
     125
     134
     142
     124
     133
     139
     134
     122
     124
     122
     158
     123
     130
     124
     117
     123
     127
     141
     136
     117
     138
     124
     137
     107
     111
     144
     142
     141
     150
     146
     134
     128
     114
     136
     142
     137
     127
     110
     130
     149
     129
     135
     124
     113
     127
     145
      99
     123
     141
     100
     132
     130
     131
     141
     120
     113
     120
     113
     134
     143
     134
     135
     144
     112
     120
     139
     124
     117
     112
     133
     135
     110
     119
     118
     118
     106
     122
     120
     107
     129
     104
     118
     124
     141
     121
     121
     140
     114
     114
     112
     128
     132
     100
     110
     138
     126
     118
     137
     123
     125
     140
     117
     144
     129
     107
     138
     114
     112
     127
     125
     128
     120
     110
     136
     135
     109
     121
     100
     125
     129
     128
     105
     111
     115
     137
     132
     116
     132
     108
     108
     118
     125
     111
     110
     133
     115
     140
     137
     113
     134
     128
     109
     109
     127
     116
     108
     121
     115
     106
     110
     128
     109
     111
     130
     111
     119
     129
     104
     119
     108
     125
     123
     102
     114
     117
     115
     139
     114
     134
      99
     106
     127
     106
     100
     115
     112
     105
      92
     124
     119
     119
      93
     110
     120
     128
     120
     112
     107
     114
     117
     105
     116
     122
     108
     105
     109
     117
     102
     100
     124
     112
     128
     115
     126
     132
     128
     140
     130
     127
     129
     147
     166
     157
     193
     173
     178
     194
     175
     170
     158
     166
     160
     155
     158
     141
     128
     140
     114
     132
     104
     107
     137
      99
     130
     127
     116
     101
     124
      96
     118
     137
     115
     118
     112
     103
     122
     109
     105
     123
     121
      88
     111
     125
     113
     108
     104
     108
      86
     117
     133
     158
     161
     173
     250
     323
     376
     475
     530
     573
     691
     771
     879
     916
     946
     984
    1011
    1006
     886
     848
     760
     684
     563
     521
     443
     347
     261
     241
     226
     182
     173
     139
     116
     112
     128
     112
     104
      95
      85
      92
     100
     115
     103
     101
      99
     103
      81
     102
      78
     115
     113
      86
      86
     111
     108
     104
      82
      92
      96
     101
     101
      83
      87
     104
      83
      99
      86
     108
      93
      94
      95
     101
      89
     104
      90
      90
      94
     105
      76
      96
     130
      87
     101
      86
      91
      87
      81
      86
      99
     100
     101
      82
      77
      94
      86
     103
      89
      87
      93
     111
     103
      79
      88
      81
      79
     121
      96
     111
      78
      81
      87
      89
     101
      78
     101
      94
     101
      88
      98
     109
     108
     118
      90
      76
      89
     101
      89
      80
      98
     103
      85
      94
      99
      93
      88
      92
      88
      82
      87
      91
     103
      95
      89
     107
     115
     105
     110
     115
     109
     114
     116
     125
     128
     121
     122
     106
     124
     124
     119
     109
     115
     104
     104
     100
      94
     109
      85
      97
     113
     109
     105
     123
     111
     133
     147
     147
     148
     119
     137
     137
     134
     149
     151
     135
     135
     141
     103
     130
     101
     125
      89
      86
      78
      87
      94
      97
      93
     118
      87
      87
      81
      79
      83
      89
      78
      79
      86
      86
      72
      92
      82
      67
      80
     112
      95
      98
      73
      88
      95
      78
     102
      89
      83
      82
      89
      85
      82
      78
      78
     103
      78
      89
     101
      80
      87
      76
      99
      80
      91
      78
      85
      91
      89
      74
      75
      88
      93
      81
      84
      86
      71
      74
      85
      66
      82
      97
      75
      86
      81
      98
      92
      80
      96
      81
      78
      90
      96
      74
      89
      91
      84
      88
     110
     106
     106
     143
     120
     132
     143
     134
     152
     152
     137
     155
     161
     141
     153
     131
     134
     139
     120
     132
     128
     134
     133
     115
     141
     117
     129
     142
     143
     123
     110
     107
     124
     107
      98
     119
      97
     102
      93
      86
      87
      89
      80
      90
      98
      89
      85
      81
      89
      91
      97
      94
     106
     100
      94
      93
      90
     102
     104
     108
     129
     131
     125
     114
     100
      92
     109
     125
     113
     107
      85
      87
      80
      73
      71
      81
      98
      84
      72
      85
      69
      79
      75
      74
      70
      68
      77
      75
      83
      89
      67
      60
      71
      69
      89
      63
      70
      76
      73
      92
      87
      81
     105
      76
      83
      76
      76
      88
      81
      91
      72
      81
      78
      94
      82
      70
      84
      90
      88
      91
      80
      83
     102
      99
      91
      87
      78
      64
      72
      87
      71
      77
      88
      88
      83
      65
      86
      66
      88
      59
      82
      76
      82
      76
      83
      98
      90
     103
      94
      77
      82
      80
      72
      82
      79
      62
      73
      90
      81
      65
      67
      77
      79
      92
      72
      69
      88
      84
      71
      77
      78
      96
      87
     103
      72
      79
      93
      69
      83
      71
      77
      79
      86
      73
      80
      69
      70
      67
      83
      74
      75
      62
      77
      64
      84
      71
      84
      80
      88
      74
      82
      82
      81
      78
      92
      83
      77
      88
      99
      91
      75
      64
      86
      66
      75
      66
      78
      78
      85
      81
      70
      78
      83
      68
      79
      80
      71
      83
      77
      74
      74
      69
      80
      67
      79
      86
      56
      73
      91
      96
      95
      85
     122
     150
     176
     201
     289
     345
     467
     504
     709
     856
     973
    1146
    1304
    1474
    1639
    1676
    1769
    1884
    1834
    1762
    1718
    1529
    1441
    1242
    1045
     921
     777
     558
     480
     393
     283
     280
     188
     143
     137
     112
     104
      86
      77
      86
      73
      96
      86
      78
      71
      68
      77
      74
      69
      78
      74
      74
      72
      65
      86
      66
      59
      95
      81
      86
      99
      92
      84
      96
      88
      76
      89
      97
      85
      87
      86
      67
      57
      91
      53
      59
      68
      69
      67
      66
      66
      74
      77
      70
      59
      68
      63
      71
      60
      75
      71
      73
      88
      79
      67
      69
      66
      76
      78
      67
      57
      69
      78
      77
      65
      76
      71
      80
      79
      74
      66
      67
      76
      77
      75
      65
      54
      65
      73
      68
      74
      65
      68
      84
      56
      58
      75
      58
      60
      63
      70
      70
      75
      66
      63
      60
      52
      56
      71
      68
      56
      61
      61
      53
      70
      69
      64
      55
      59
      76
      63
      66
      62
      61
      52
      59
      75
      57
      64
      67
      63
      66
      66
      71
      63
      68
      43
      65
      63
      73
      58
      53
      51
      71
      68
      74
      57
      51
      53
      55
      67
      49
      83
      59
      66
      72
      73
      65
      49
      61
      60
      53
      70
      63
      67
      67
      57
      59
      54
      63
      67
      62
      77
      78
      86
      62
      77
      71
      63
      64
      72
      68
      64
      66
      74
      70
      66
      69
      59
      55
      63
      70
      59
      68
      50
      72
      54
      60
      57
      65
      58
      62
      51
      66
      69
      63
      54
      59
      49
      55
      53
      47
      82
      59
      77
      81
      63
      49
      58
      67
      61
      63
      69
      63
      58
      62
      70
      53
      71
      49
      50
      50
      61
      54
      64
      57
      75
      53
      62
      53
      52
      65
      63
      49
      59
      53
      56
      62
      72
      64
      47
      69
      59
      52
      56
      70
      60
      78
      70
      55
      64
      78
      73
      72
      81
      63
      83
      68
      66
      77
      63
      78
      68
      69
      65
      64
      67
      60
      54
      67
      75
      55
      61
      65
      76
      51
      53
      65
      65
      52
      63
      48
      64
      71
      68
      58
      61
      63
      56
      57
      58
      52
      53
      61
      53
      63
      61
      55
      53
      47
      56
      60
      58
      64
      74
      62
      67
      60
      57
      66
      78
      91
      64
      70
      81
      73
      84
      82
      74
      71
      67
      73
      61
      54
      60
      61
      59
      59
      64
      68
      59
      52
      60
      57
      57
      55
      53
      80
      75
      49
      59
      65
      70
      66
      64
      65
      60
      69
      63
      68
      62
      49
      66
      72
      72
      69
      69
      67
      47
      55
      55
      70
      52
      59
      81
      57
      55
      58
      59
      58
      62
      70
      40
      59
      59
      60
      63
      64
      51
      58
      50
      60
      67
      65
      61
      74
      70
      55
      60
      71
      83
      79
      55
      68
      72
      74
      83
      75
      70
      58
      67
      55
      62
      73
      68
      69
      54
      71
      57
      66
      55
      51
      63
      49
      69
      64
      58
      61
      59
      57
      59
      49
      55
      63
      62
      51
      56
      57
      53
      52
      75
      54
      65
      59
      67
      63
      54
      58
      63
      65
      51
      60
      59
      69
      62
      69
      78
      66
      57
      59
      51
      62
      67
      64
      65
      53
      60
      58
      52
      57
      53
      63
      54
      74
      40
      58
      50
      52
      53
      55
      70
      70
      52
      63
      48
      63
      67
      51
      53
      60
      66
      50
      49
      54
      62
      53
      70
      62
      52
      60
      59
      65
      77
      62
      76
      73
      86
      61
      71
      66
      45
      76
      93
      87
      92
     103
     121
     147
     129
     187
     188
     254
     341
     435
     547
     694
     835
     984
    1192
    1439
    1630
    1928
    2074
    2321
    2391
    2570
    2622
    2750
    2646
    2608
    2412
    2184
    2033
    1738
    1561
    1284
    1084
     878
     709
     529
     467
     322
     272
     208
     158
     130
     114
      94
      79
      81
      59
      65
      63
      63
      62
      50
      54
      54
      53
      58
      56
      51
      48
      47
      45
      53
      52
      45
      36
      54
      59
      41
      47
      57
      54
      42
      57
      53
      62
      55
      45
      45
      52
      52
      49
      57
      51
      47
      51
      56
      50
      49
      54
      44
      60
      48
      45
      47
      46
      59
      50
      56
      49
      57
      49
      41
      53
      41
      52
      52
      56
      65
      49
      54
      52
      50
      44
      45
      48
      54
      48
      45
      41
      52
      52
      54
      61
      46
      55
      55
      54
      47
      55
      51
      43
      43
      53
      50
      61
      42
      47
      56
      55
      53
      46
      67
      52
      57
      49
      55
      49
      41
      51
      48
      53
      45
      36
      55
      33
      55
      53
      49
      52
      57
      53
      31
      47
      52
      50
      49
      58
      42
      43
      34
      43
      42
      47
      45
      49
      50
      67
      41
      51
      48
      43
      47
      47
      37
      49
      52
      51
      54
      63
      55
      53
      68
      50
      54
      62
      53
      56
      48
      56
      64
      53
      49
      49
      37
      42
      45
      43
      57
      56
      46
      56
      50
      58
      53
      59
      47
      60
      56
      48
      45
      57
      51
      44
      51
      54
      52
      41
      41
      48
      47
      47
      58
      53
      41
      44
      57
      48
      50
      44
      50
      46
      42
      63
      59
      55
      41
      54
      49
      37
      43
      52
      47
      55
      53
      53
      46
      45
      50
      56
      46
      43
      58
      55
      46
      43
      37
      57
      45
      48
      56
      53
      58
      63
      49
      50
      52
      48
      44
      54
      54
      49
      51
      59
      55
      46
      43
      36
      51
      43
      52
      46
      55
      52
      39
      59
      43
      47
      50
      49
      66
      42
      45
      42
      59
      54
      47
      47
      38
      52
      44
      52
      50
      51
      47
      70
      42
      54
      53
      52
      36
      55
      55
      55
      45
      52
      56
      46
      48
      47
      45
      53
      46
      46
      47
      48
      56
      49
      53
      48
      47
      36
      60
      57
      58
      55
      54
      56
      59
      56
      55
      70
      55
      58
      49
      64
      66
      54
      66
      46
      72
      73
      83
      57
      62
      72
      65
      60
      47
      62
      66
      64
      58
      67
      71
      67
      69
      59
      66
      66
      82
      55
      62
      69
      79
      68
      51
      63
      64
      94
      61
      62
      67
      54
      50
      55
      57
      56
      56
      54
      48
      41
      59
      53
      55
      50
      54
      68
      51
      35
      41
      47
      54
      53
      51
      45
      47
      46
      68
      48
      54
      55
      48
      48
      51
      50
      45
      59
      64
      57
      43
      57
      49
      56
      57
      46
      49
      57
      41
      54
      48
      49
      54
      43
      53
      62
      46
      47
      58
      51
      52
      45
      57
      47
      46
      51
      59
      56
      62
      59
      54
      49
      60
      51
      59
      56
      58
      55
      54
      49
      55
      39
      54
      52
      56
      54
      46
      55
      61
      45
      55
      37
      57
      44
      63
      56
      49
      57
      51
      42
      53
      52
      56
      34
      50
      61
      60
      63
      64
      64
      65
      57
      62
      56
      77
      71
      55
      74
      87
      72
      74
      68
      70
      69
      51
      77
      59
      52
      52
      53
      53
      47
      42
      56
      54
      50
      53
      71
      51
      42
      47
      64
      58
      58
      68
      70
      52
      76
      58
      62
      66
      76
      69
      67
      82
      76
      61
      48
      64
      73
      60
      64
      59
      58
      57
      60
      46
      54
      66
      61
      52
      49
      60
      45
      54
      63
      48
      53
      50
      48
      53
      55
      51
      53
      65
      46
      48
      61
      63
      65
      77
      67
      44
      62
      49
      72
      42
      53
      54
      38
      48
      61
      34
      56
      56
      51
      57
      46
      46
      59
      60
      68
      55
      53
      64
      48
      51
      61
      59
      47
      39
      54
      52
      57
      64
      46
      53
      57
      49
      55
      58
      59
      53
      49
      47
      52
      46
      52
      60
      50
      50
      39
      61
      58
      44
      59
      58
      46
      73
      62
      61
      52
      49
      52
      51
      53
      59
      51
      53
      41
      59
      42
      67
      54
      60
      51
      39
      65
      55
      47
      47
      48
      49
      44
      54
      38
      62
      60
      59
      57
      56
      62
      55
      66
      71
      40
      57
      65
      62
      49
      43
      56
      50
      65
      42
      52
      56
      53
      62
      53
      46
      50
      61
      62
      72
      59
      68
      35
      65
      51
      52
      48
      53
      60
      65
      54
      59
      52
      56
      65
      55
      51
      57
      72
      47
      59
      64
      47
      59
      56
      48
      55
      44
      55
      52
      50
      50
      47
      52
      47
      63
      54
      52
      66
      50
      68
      53
      55
      66
      48
      54
      60
      53
      52
      52
      44
      49
      48
      57
      63
      59
      63
      60
      51
      65
      54
      46
      36
      63
      57
      49
      50
      59
      46
      50
      60
      45
      51
      56
      56
      46
      52
      47
      43
      34
      55
      57
      42
      51
      47
      45
      28
      46
      64
      48
      45
      52
      57
      49
      36
      45
      36
      44
      41
      40
      40
      44
      50
      48
      36
      41
      48
      40
      45
      34
      44
      29
      34
      44
      37
      44
      40
      56
      54
      49
      44
      30
      45
      35
      49
      38
      39
      60
      34
      48
      44
      47
      33
      38
      53
      51
      37
      41
      36
      34
      38
      35
      43
      35
      45
      43
      46
      44
      32
      38
      32
      39
      29
      36
      27
      39
      41
      33
      35
      40
      40
      34
      41
      33
      42
      35
      41
      39
      38
      46
      41
      32
      44
      38
      38
      30
      30
      30
      50
      41
      35
      44
      35
      30
      34
      52
      37
      35
      45
      42
      36
      36
      38
      37
      39
      40
      43
      35
      35
      27
      34
      43
      38
      37
      38
      38
      50
      36
      46
      36
      43
      44
      35
      47
      29
      36
      29
      30
      40
      43
      45
      37
      33
      50
      48
      31
      38
      43
      39
      55
      40
      31
      39
      45
      30
      38
      40
      43
      34
      36
      37
      41
      42
      37
      45
      31
      28
      29
      37
      36
      49
      33
      39
      37
      48
      39
      35
      37
      38
      28
      39
      36
      34
      34
      38
      33
      29
      42
      40
      39
      37
      31
      31
      37
      31
      29
      35
      44
      34
      28
      41
      30
      27
      33
      40
      34
      29
      39
      28
      40
      37
      29
      35
      33
      34
      38
      43
      30
      34
      47
      41
      37
      26
      32
      34
      34
      23
      38
      31
      43
      36
      44
      36
      37
      34
      29
      38
      41
      36
      43
      34
      32
      54
      61
      46
      39
      48
      45
      53
      44
      51
      41
      46
      27
      48
      40
      34
      35
      42
      37
      34
      32
      34
      31
      39
      31
      23
      41
      31
      39
      40
      38
      35
      38
      32
      31
      40
      33
      30
      31
      31
      32
      37
      35
      40
      29
      29
      35
      30
      27
      47
      37
      41
      36
      41
      34
      31
      32
      28
      36
      20
      28
      29
      38
      50
      35
      39
      36
      51
      33
      34
      34
      39
      53
      29
      54
      51
      42
      49
      46
      38
      45
      37
      34
      38
      37
      28
      35
      27
      28
      24
      25
      32
      34
      37
      26
      46
      41
      32
      23
      39
      28
      39
      26
      41
      27
      25
      32
      31
      32
      32
      33
      35
      32
      41
      32
      26
      35
      31
      40
      34
      29
      40
      30
      38
      43
      35
      36
      28
      35
      35
      37
      36
      32
      21
      35
      30
      35
      34
      39
      43
      22
      40
      34
      39
      27
      28
      33
      48
      37
      35
      54
      36
      37
      26
      37
      31
      31
      31
      41
      33
      26
      47
      31
      34
      27
      27
      34
      32
      30
      38
      31
      42
      24
      32
      36
      22
      35
      32
      30
      40
      33
      28
      34
      27
      41
      30
      29
      47
      33
      33
      26
      31
      30
      31
      35
      28
      32
      38
      30
      39
      28
      37
      19
      35
      27
      39
      33
      41
      34
      33
      29
      33
      28
      35
      29
      29
      39
      33
      37
      31
      33
      27
      27
      23
      22
      33
      30
      20
      39
      26
      30
      37
      16
      30
      30
      24
      26
      22
      42
      43
      34
      34
      43
      23
      33
      36
      26
      32
      51
      41
      27
      36
      52
      52
      48
      36
      35
      56
      33
      36
      38
      39
      43
      39
      40
      35
      35
      29
      21
      37
      29
      25
      30
      27
      31
      30
      20
      20
      16
      29
      29
      22
      28
      22
      28
      37
      24
      34
      25
      27
      24
      26
      26
      24
      39
      26
      31
      15
      27
      29
      27
      23
      37
      31
      35
      23
      49
      34
      33
      38
      37
      33
      35
      49
      55
      46
      53
      40
      37
      37
      41
      38
      59
      46
      47
      35
      45
      35
      47
      31
      43
      30
      15
      42
      44
      22
      24
      23
      29
      25
      23
      26
      31
      25
      29
      29
      28
      26
      22
      18
      35
      31
      28
      31
      24
      29
      23
      24
      34
      32
      28
      26
      29
      34
      29
      23
      23
      30
      19
      23
      29
      37
      24
      33
      31
      30
      33
      28
      28
      34
      26
      22
      28
      16
      22
      29
      29
      26
      29
      21
      32
      21
      27
      28
      27
      25
      34
      20
      30
      18
      22
      40
      35
      27
      20
      25
      18
      25
      29
      22
      28
      21
      22
      30
      24
      20
      29
      21
      21
      26
      23
      33
      22
      30
      24
      24
      32
      31
      20
      20
      26
      27
      29
      25
      22
      28
      21
      34
      27
      24
      26
      30
      23
      32
      28
      28
      32
      28
      30
      24
      41
      28
      22
      27
      22
      23
      24
      32
      25
      27
      24
      33
      28
      27
      24
      29
      25
      22
      17
      38
      20
      27
      32
      22
      34
      31
      20
      32
      34
      32
      25
      36
      25
      27
      23
      25
      30
      32
      20
      24
      17
      31
      17
      27
      22
      31
      29
      31
      30
      27
      24
      19
      23
      22
      25
      23
      32
      21
      27
      24
      31
      34
      26
      24
      19
      30
      20
      22
      28
      23
      17
      35
      25
      27
      27
      25
      18
      35
      30
      21
      27
      36
      33
      32
      35
      27
      38
      35
      23
      34
      39
      40
      24
      33
      21
      35
      39
      38
      28
      32
      28
      36
      39
      24
      38
      30
      29
      34
      24
      26
      34
      32
      29
      35
      25
      26
      24
      19
      24
      22
      31
      27
      30
      25
      27
      35
      26
      28
      25
      30
      34
      19
      21
      21
      23
      25
      27
      26
      25
      24
      24
      21
      20
      21
      27
      19
      26
      23
      23
      31
      19
      28
      26
      26
      25
      23
      22
      20
      30
      26
      17
      21
      15
      20
      26
      16
      20
      24
      33
      24
      26
      27
      25
      28
      18
      27
      25
      31
      28
      23
      33
      28
      23
      26
      21
      11
      24
      18
      21
      36
      27
      21
      27
      23
      30
      24
      21
      35
      22
      28
      19
      23
      26
      16
      26
      22
      20
      18
      20
      20
      25
      23
      27
      28
      28
      27
      22
      25
      28
      21
      26
      33
      31
      22
      25
      27
      25
      27
      28
      20
      34
      24
      23
      30
      31
      29
      27
      20
      19
      24
      21
      22
      22
      25
      35
      23
      15
      19
      21
      26
      14
      21
      26
      23
      31
      16
      23
      26
      20
      25
      18
      33
      20
      23
      28
      22
      24
      20
      24
      12
      28
      28
      25
      20
      24
      18
      15
      15
      30
      20
      31
      15
      21
      34
      22
      20
      32
      19
      25
      27
      28
      27
      25
      26
      23
      22
      33
      24
      27
      28
      28
      31
      24
      23
      24
      23
      25
      32
      26
      27
      32
      27
      31
      26
      41
      22
      32
      21
      32
      34
      35
      32
      21
      30
      33
      25
      35
      21
      37
      23
      28
      23
      25
      32
      26
      32
      19
      32
      26
      21
      24
      20
      33
      23
      18
      32
      30
      26
      23
      22
      27
      21
      22
      26
      30
      19
      24
      32
      29
      21
      37
      16
      27
      21
      16
      28
      31
      19
      20
      25
      20
      24
      27
      19
      30
      28
      19
      23
      23
      24
      27
      19
      23
      27
      18
      32
      33
      20
      22
      23
      31
      23
      21
      27
      22
      25
      29
      23
      30
      16
      21
      18
      20
      25
      24
      23
      22
      26
      22
      29
      24
      32
      27
      33
      31
      26
      39
      30
      26
      26
      23
      34
      36
      25
      25
      18
      34
      27
      23
      19
      26
      27
      20
      18
      24
      13
      25
      25
      14
      16
      18
      18
      28
      19
      23
      21
      20
      18
      22
      34
      24
      22
      27
      30
      19
      30
      26
      21
      19
      23
      17
      33
      30
      14
      34
      21
      21
      36
      36
      16
      25
      25
      22
      26
      28
      16
      20
      20
      21
      18
      23
      16
      28
      28
      25
      22
      28
      21
      30
      18
      24
      23
      30
      31
      19
      19
      25
      16
      26
      34
      20
      18
      28
      28
      32
      18
      22
      26
      14
      24
      25
      41
      22
      25
      17
      17
      21
      22
      22
      23
      20
      26
      13
      25
      31
      19
      25
      25
      23
      21
      32
      30
      21
      18
      15
      17
      30
      26
      18
      25
      24
      25
      17
      17
      17
      29
      21
      26
      22
      19
      20
      21
      21
      23
      21
      21
      24
      20
      16
      15
      20
      22
      19
      36
      28
      28
      29
      25
      18
      19
      18
      27
      19
      20
      25
      14
      21
      25
      30
      26
      21
      19
      21
      24
      20
      29
      21
      23
      18
      17
      17
      24
      23
      31
      23
      27
      21
      19
      26
      19
      24
      22
      19
      33
      21
      19
      19
      21
      20
      18
      28
      26
      25
      22
      15
      21
      25
      17
      22
      23
      26
      23
      26
      20
      21
      15
      25
      12
      24
      19
      20
      29
      22
      27
      27
      18
      24
      25
      22
      16
      26
      21
      22
      31
      27
      14
      22
      21
      22
      18
      32
      14
      29
      31
      19
      22
      19
      22
      15
      28
      19
      16
      21
      26
      20
      25
      20
      22
      22
      35
      23
      31
      20
      23
      20
      26
      23
      25
      34
      22
      30
      24
      32
      24
      26
      19
      23
      31
      21
      18
      18
      29
      20
      29
      24
      22
      25
      26
      23
      25
      27
      12
      19
      19
      18
      26
      17
      29
      24
      17
      31
      29
      21
      24
      20
      18
      20
      30
      20
      27
      23
      19
      25
      20
      19
      24
      27
      18
      21
      27
      27
      19
      18
      17
      28
      24
      16
      28
      24
      18
      18
      11
      31
      20
      29
      17
      19
      21
      22
      19
      13
      22
      25
      15
      27
      25
      26
      26
      21
      27
      30
      21
      33
      31
      33
      34
      25
      30
      30
      38
      34
      39
      28
      29
      33
      36
      29
      27
      30
      23
      28
      19
      34
      27
      26
      24
      23
      33
      16
      16
      14
      26
      20
      15
      17
      18
      27
      27
      23
      20
      25
      27
      32
      25
      17
      23
      23
       7
      18
      30
      18
      23
      24
      22
      26
      21
      23
      23
      25
      27
      22
      11
      22
      23
      24
      25
      22
      26
      25
      20
      14
      13
      19
      13
      23
      13
      21
      20
      19
      22
      20
      19
      25
      22
      20
      22
      18
      16
      26
      13
      17
      22
      14
      20
      22
      17
      21
      20
      19
      22
      19
      19
      18
      29
      17
      29
      25
      20
      15
      14
      11
      16
      22
      26
      20
      22
      20
      20
      20
      17
      19
      15
      19
      29
      15
      19
      24
      15
      23
      18
      29
      20
      27
      28
      28
      27
      19
      17
      19
      25
      24
      20
      23
      21
      13
      25
      16
      26
      14
      16
      19
      26
      29
      24
      22
      28
      21
      22
      13
      31
      12
      27
      26
      14
      15
      20
      24
      21
      19
      12
      17
      14
      20
      26
      16
      18
      22
      27
      28
      17
      26
      16
      18
      16
      19
      19
      17
      20
      23
      16
      27
      15
      21
      25
      24
      19
      18
      15
      26
      15
      18
      26
      15
      20
      16
      25
      21
      23
      25
      19
      13
      18
      18
      22
      16
      16
      18
      22
      11
      27
      18
      24
      16
      11
      18
      17
      15
      20
      21
      16
      21
      26
      21
      19
      20
      19
      17
      28
      21
      19
      28
      26
      24
      16
      24
      26
      19
      19
      24
      25
      33
      23
      23
      19
      25
      36
      24
      32
      35
      24
      40
      47
      36
      52
      64
      64
      59
      68
      77
      84
     113
     131
     159
     167
     196
     237
     301
     343
     391
     451
     530
     626
     692
     772
     894
     984
    1046
    1087
    1129
    1166
    1200
    1247
    1293
    1301
    1283
    1141
    1168
    1092
     982
     931
     843
     725
     654
     609
     493
     376
     338
     285
     248
     191
     167
     117
      84
      69
      54
      49
      50
      38
      40
      24
      29
      18
      26
      20
      23
      19
      17
      14
      20
      18
      18
      20
      14
      14
      24
      15
      15
      12
      13
      17
      17
      14
      13
      25
      20
      11
      15
      23
      13
      17
      14
      21
      17
      19
      22
      14
      25
      24
      19
      21
      14
      27
      18
      15
      18
      20
      23
      18
      13
      15
      15
      13
      19
      13
      12
      13
      24
      28
      17
      20
      18
      16
      15
      11
      23
      17
      19
      23
      28
       7
      17
      28
      16
      15
      15
      16
      18
      22
      26
      15
      22
      16
      12
      13
      18
      16
      16
      16
      18
      21
      16
      17
      14
      21
      14
      18
      11
      16
      14
      15
      20
      22
      17
      19
      12
      15
      16
      18
      19
      18
      16
      15
      13
      15
      19
      18
      15
      24
      16
      19
      16
      20
      12
      19
      18
      17
      14
      16
      20
      10
      18
      20
      25
      18
      18
      15
      14
      11
      17
       9
      16
      17
      23
      19
      14
      12
      10
      13
      13
      18
      17
      19
       8
      23
      16
      15
      17
      18
      20
      11
      13
       8
      14
      16
      12
      13
      16
       9
      24
      14
      17
      15
      12
      17
      14
      17
      16
      22
      15
      15
      19
      20
      17
      12
      14
      13
      11
      17
      17
      17
      19
      14
      17
      20
      14
      10
      19
      13
      20
      15
      15
      28
      14
      22
      14
      10
      15
      22
      19
      22
      15
      20
      19
      17
      17
      23
      21
      13
      14
      20
      12
      12
       8
      16
      11
      21
      23
      12
      20
      10
      16
      22
      19
      14
      17
      10
      31
      20
      11
      19
       9
      18
      17
      12
      13
      14
      16
      14
      10
      17
      17
      20
      14
      21
      16
      11
      13
      15
      12
      17
      11
      22
      14
      23
      14
      16
      17
      21
      17
      15
      18
      17
      14
      18
      24
      15
      11
      16
      14
      15
      20
      17
      20
      18
      13
      16
      19
      17
      10
      18
      19
      22
      12
      10
      16
      16
      20
      16
      23
      20
      16
      16
      11
      12
      16
      26
      14
      18
      15
      19
      13
      22
      13
      23
      10
      21
      14
      16
      16
      10
      14
      23
      12
      12
       9
       7
      17
       9
      17
       6
      12
       9
      11
      16
      10
      15
      16
      14
      16
      15
      13
      16
      19
      17
      14
      17
      19
      22
      19
      25
      19
      15
       8
      17
      16
      16
      13
      14
      24
      24
      19
      19
      17
      23
      16
      22
      13
      16
      17
      13
      11
      16
      12
      10
      18
      14
      14
      16
      18
      13
      15
       8
      15
      22
      13
      17
      12
      12
      11
      12
      21
       9
      18
      20
      16
      11
      12
      19
      14
      14
      11
      16
      15
      19
      11
      13
      16
      13
      22
      13
      14
      12
      10
      14
      14
      12
      20
      15
      16
      10
      18
      21
      13
      15
      17
      13
      15
      20
      16
       6
      12
      18
      15
      12
      19
      15
      17
      12
      16
      18
      16
      16
      14
      14
      12
      20
      12
      13
      26
      12
      23
      18
      15
      15
      14
      15
      15
      16
      15
      15
      14
      15
      17
      12
      14
      13
      20
      11
      15
      16
      13
      17
      12
       9
       8
      13
      16
      16
      17
      18
      28
      16
      12
      21
      18
      16
      15
       9
      18
      14
      11
      18
      23
      15
      19
      18
      12
      24
      15
      26
      31
      26
      25
      24
      41
      35
      31
      39
      43
      40
      51
      50
      59
      42
      59
      56
      43
      41
      63
      45
      55
      44
      49
      43
      36
      41
      42
      31
      31
      26
      20
      25
      28
      25
      17
      24
      13
      15
      12
      18
      19
      12
      15
      20
      12
      16
       8
      20
      16
      19
      17
      17
      19
      16
      21
      12
       7
      22
      15
      13
      17
      18
      17
      10
      11
       8
      15
      11
      15
      14
      17
      20
      15
      14
      17
      14
      20
      12
      19
      12
      20
      18
      17
      17
      14
      21
      16
       8
      16
      18
      17
      12
       9
      11
      13
      16
      12
      17
      11
      15
      12
      21
      13
       8
      13
       9
      12
      18
      12
      16
      16
      15
      20
      21
      11
      11
      16
      18
      20
      17
      12
      13
      14
      13
      11
      17
      16
      10
      17
      16
      12
      13
      20
       9
      17
      14
      15
      19
      25
      17
      19
      15
      18
      12
      12
      12
      22
      14
      17
      18
      16
      12
      11
      16
      16
      14
      17
      17
      15
      21
      21
      19
      11
      18
      18
      21
      17
       9
      12
      21
      10
      11
      12
      13
      15
      17
      15
      14
      12
      13
      22
      18
      22
      23
      19
      12
      12
      10
      21
      19
      15
      12
      14
      20
      21
      16
      12
      14
      19
      17
      16
      17
      11
      25
      20
      14
      19
      10
      16
      22
      11
      17
      15
      22
      17
      15
      10
      18
      16
       5
      14
      22
      14
      13
      15
      17
      21
      18
      21
      23
      14
      14
      17
      26
      15
      12
      12
      14
      18
      17
       5
      10
      17
      14
      14
      19
      20
      18
      12
      16
      16
      17
      15
      10
      20
       9
      12
      16
      19
      16
      15
      12
       9
      17
      18
      24
      21
       9
      13
      23
      13
      22
      18
      14
       8
      15
      18
      16
      11
      13
      11
      17
      17
      13
      12
      13
      18
      15
      12
      21
      16
      18
      18
      11
      21
      10
      23
      16
      18
      21
      17
      15
      17
      15
      10
      18
      19
      13
      24
      20
      17
      14
      14
      13
      13
      13
      20
      17
      19
      12
      14
      16
      15
      12
      11
      16
      19
      22
      18
      15
      16
      18
      19
      21
      17
       8
      17
      13
      16
      15
      14
      17
      21
      21
      14
      23
      16
      18
      14
      14
      14
      16
      21
      15
      18
      17
      16
      17
      17
      14
      24
      16
      10
       8
      21
      13
      19
      16
      26
      26
      29
      18
      27
      31
      31
      25
      25
      25
      25
      28
      32
      16
      24
      19
      24
      23
      24
      24
      14
      24
      22
      22
      13
      23
      12
      16
      20
      23
      22
      11
      19
      22
      20
       9
      18
      15
      26
      20
      20
      14
      10
      12
      10
      11
      16
      19
      18
      25
      17
      13
      17
      20
      13
      20
      14
      13
       8
      14
      18
      18
      20
      21
      19
      16
      22
      23
      11
      14
      16
      13
      14
      17
      11
      13
      17
      14
      13
      13
      21
      20
      17
      21
      18
      18
      16
      19
      27
      21
      16
      26
      27
      21
      11
      20
      12
      18
      16
      16
      12
      23
      20
      11
      15
      13
      12
      16
      11
      14
      17
      14
      12
      17
      20
      21
      14
      11
      14
      15
      17
      18
       8
      20
      19
      21
      20
      21
      11
      21
      15
      16
      10
      16
      17
      12
      10
      14
      10
      16
      13
      20
      16
      15
      20
      15
      21
      19
      16
      14
      16
      15
      16
      13
      24
      13
      10
      11
      13
      17
      18
      14
      13
      16
      21
      27
      19
      19
      30
      22
      26
      27
      23
      25
      30
      24
      17
      23
      18
      17
      16
      25
      21
      17
      24
      17
      13
      19
      20
       8
      21
      14
      20
      16
      14
      22
      13
      12
      13
      12
      12
      16
      14
      16
      14
      17
      14
      12
       9
      20
      17
      14
      15
      13
      20
      18
      14
      21
      12
      11
      16
      14
      16
      25
      13
      12
      20
      14
      17
      11
      19
      17
      14
      18
      24
       8
      28
      14
      11
      14
      15
      18
       8
      12
      16
      13
      13
      18
      21
      12
      17
      17
      17
      12
      16
      18
      21
      14
      17
      18
       9
      11
      14
      13
       9
      21
      23
      15
      15
      11
      18
      12
      22
      18
      22
      19
      11
      13
      14
      15
      15
      21
      16
      18
       9
      15
       8
      13
      20
       8
      17
      13
      15
      15
      19
      11
      13
      14
      12
      25
      14
      19
      16
      16
      14
      14
      20
      22
      14
       9
      14
      13
      16
      16
      16
      18
      15
      13
      21
      16
      13
      13
      18
      19
      14
      12
      18
      15
      11
      17
      12
      15
      15
      13
      14
      24
      15
      15
      14
      10
      15
      28
      14
      14
      13
      10
      12
      20
      16
      17
      15
      12
      16
      12
      14
       8
      10
      14
      15
       8
      21
       8
      15
      20
      14
      15
      17
      13
      24
      18
      13
      13
      13
      22
      18
      25
      17
      20
      17
      19
      21
      26
      16
      22
      19
      19
      26
      25
      25
      26
      24
      25
      38
      28
      24
      27
      27
      32
      29
      27
      22
      21
      22
      27
      24
      14
      22
      11
      21
      14
      13
      23
      19
       9
      20
      18
      10
      11
      13
      15
      11
      14
      21
      13
      16
      25
      15
       8
      16
      15
      21
      21
      17
      17
      20
      11
      16
      16
      11
      17
      18
      11
      15
      13
      18
      16
      10
      19
      10
      16
      14
      13
      14
      18
      14
      14
      13
      13
      15
      14
      16
      13
      15
      21
      12
      21
      10
      14
      14
      14
      24
      15
      14
      10
       8
       9
      17
       8
       5
      15
      10
      20
      15
      14
      26
      15
      17
      17
      24
      19
      17
      25
      19
      20
      20
      21
      13
      16
      13
      17
      26
      19
      13
      21
      13
      13
      17
      20
      12
       8
      19
      11
      13
      11
      20
      24
      10
      12
      16
      15
      17
      19
      17
      11
      12
      15
       9
      14
      10
      13
      15
      12
      12
      10
      18
      16
      19
      17
      19
      13
      17
      15
       6
      12
      23
      16
      12
      12
      16
      19
      16
      14
      15
       7
      12
      13
      14
      16
      19
      14
      18
      13
       9
      23
      13
      11
      16
      15
      15
      11
      10
      17
      11
      21
      13
      15
      17
       8
      11
      18
      19
      22
      11
       8
      11
      16
      15
      14
      14
      15
      13
      17
      17
      20
      10
      18
      16
      18
      22
      10
      15
      12
      28
      13
      23
      14
      13
      18
      19
      13
      18
      20
      22
      25
      23
      18
      35
      25
      33
      28
      30
      22
      36
      32
      29
      29
      37
      47
      41
      49
      51
      54
      63
      73
      77
      92
      76
      89
      86
     133
     109
      81
     101
      87
     100
     101
      89
     114
     121
     104
      98
      91
      72
      88
      68
      76
      70
      61
      57
      56
      34
      45
      39
      32
      33
      26
      22
      25
      17
      18
      27
      21
      14
      23
      18
      18
      10
      19
      14
      16
      17
      17
      10
      22
      17
      19
      17
      16
      18
      12
      19
      12
      18
      14
      14
      11
      20
      14
      13
      15
      14
      13
      12
      13
      13
      20
      13
       9
      11
      14
      18
      10
      14
      10
      16
      14
      18
      13
      13
      12
      14
      11
      19
      14
      18
      14
      16
       8
      14
      18
      20
      18
      14
      14
      16
      17
      11
      22
      14
      18
      10
      18
      15
      11
      17
      11
      12
      25
      17
      11
      21
      19
      14
      15
      13
      17
      21
      11
      16
      20
      16
      13
      10
      15
       7
      18
      15
      17
      19
      17
      17
      19
       9
      12
      16
      19
      19
      18
      15
      19
       9
      12
      21
      26
      14
      20
      19
       7
      14
      14
       9
      14
      19
      22
      19
      23
      13
      18
      20
      23
      21
      31
      14
      22
      32
      23
      25
      39
      30
      27
      34
      27
      34
      54
      38
      28
      32
      33
      40
      35
      32
      45
      33
      32
      36
      29
      42
      31
      29
      22
      27
      18
      19
      23
      14
      18
      15
      17
      14
      18
      17
      19
      18
      17
      20
      18
      18
      16
      13
      15
      15
      17
      20
      16
      14
      20
      17
      19
      17
      15
      17
      24
      16
      11
       7
      10
      10
      17
      14
      13
      11
      19
      19
      16
      21
      19
      15
      12
      16
      19
      18
      13
      16
      15
      14
      13
      15
       6
      19
      13
      19
      11
      12
      18
      10
       9
      13
      13
      13
      14
      10
      19
      15
      10
      12
      15
      16
      12
      13
      17
      15
      12
      14
      16
      17
      10
      11
      20
      12
       7
      20
      18
      13
      17
      24
      21
      14
      16
      11
      21
      18
      11
      22
      13
      17
      21
       8
      17
      20
      11
      16
      10
      11
      16
      15
      12
      16
      12
      15
      15
      22
      15
      15
      14
      17
      17
      15
      12
      19
      16
      10
      14
      15
      20
      16
      13
      13
      11
      11
      19
      12
      11
      20
      19
      21
      22
      19
      12
      17
      18
      13
      16
      17
      17
      18
      12
      12
      14
      16
      15
      20
      17
      26
      18
      16
      17
      22
      16
      23
      33
      15
      23
      31
      37
      32
      34
      25
      35
      32
      44
      36
      50
      41
      31
      38
      31
      31
      32
      28
      39
      29
      33
      25
      22
      27
      32
      28
      17
      22
      19
      18
      13
      18
      18
      16
      13
      15
      18
       5
      12
      19
      12
      16
      14
      10
      14
      16
      13
      20
      14
      10
      11
      14
      18
       7
      18
      14
      17
      10
      16
      11
      19
      15
      13
      10
       8
      22
      11
      16
      15
      12
      17
      16
      14
      11
      12
      10
      10
      15
      20
      10
      12
      16
      14
      23
      11
      11
      17
      17
      17
      16
      13
      16
      16
      12
      16
      15
      13
      20
      16
      15
      16
      20
      14
      15
      17
      16
      16
      15
      14
      18
       9
      12
      10
       5
      18
      15
      12
      15
      18
      16
      15
      14
      13
       8
      23
      14
      14
      13
      16
      14
      15
      24
      14
      13
      13
      15
      17
      12
      17
      16
      18
      21
      19
      14
      15
      22
      15
      18
      10
      15
      19
      12
      17
      15
      15
      15
      19
      23
       6
      17
      24
      23
       8
      18
      14
      16
      17
      21
      15
      17
      12
      13
      15
      10
      14
      14
      11
      12
      15
      16
      16
      15
      18
      20
       9
      12
       5
      18
      14
      14
      17
      13
      13
      19
      13
      17
      22
       9
     170
     333
     341
     351
     346
     311
     361
     352
     354
     331
     325
     329
     324
     351
     341
     360
     335
     355
     343
     339
     364
     355
     369
     364
     335
     317
     353
     340
     382
     340
     342
     339
     326
     362
     344
     309
     346
     357
     328
     348
     335
     350
     311
     340
     340
     373
     324
     320
     325
     366
     336
     322
     337
     312
     348
     345
     347
     333
     341
     321
     313
     333
     324
     331
     332
     300
     332
     322
     357
     338
     374
     352
     335
     313
     343
     343
     277
     326
     322
     317
     349
     342
     342
     331
     321
     345
     308
     340
     332
     332
     321
     318
     308
     321
     318
     309
     368
     348
     297
     325
     313
     300
     321
     342
     340
     310
     319
     350
     324
     309
     328
     299
     309
     312
     331
     335
     331
     285
     323
     317
     312
     351
     350
     332
     295
     337
     324
     342
     343
     321
     339
     341
     327
     305
     322
     315
     316
     338
     318
     328
     301
     308
     340
     352
     293
     308
     313
     324
     316
     335
     355
     296
     348
     316
     319
     327
     317
     300
     322
     279
     354
     316
     284
     318
     298
     307
     337
     274
     296
     333
     320
     311
     301
     303
     318
     319
     295
     313
     309
     313
     316
     309
     333
     322
     155
$ROI:
0
$PRESETS:
None
0
0
$ENER_FIT:
0.000000 0.000000
$MCA_CAL:
3
0.000000E+000 0.000000E+000 0.000000E+000 
$SHAPE_CAL:
3
0.000000E+000 0.000000E+000 0.000000E+000
